1111 1111111111 11111111. 1111

11111 1111111111111, 111 1111111 lomim 11111111 11111111. 1111111-

, 1111 1111 1111 Nabal 11111111..

1111111111 (11111111. W. 1111 11111111 1111 1111111111ιίς m
neinehigen 111111 1111111111. et. 1111111113, mehr 1111 11111111· 11·
11111111 , 1111 11111111. Β. 1111111111, 11111111111111111111111111111,
11111111111111, 1111111 11111161111111111111111111111. nl. 111111· oder
gipfeluindig, 1111111 11111111111 1111111111 11 1111111, 1111111, 1111·
1111, 1111111111 1111.

6111111. 11111111. m. 111111 1111111. 11111111111111 Sam
welche 11111 1111111111 81111111111.

Ganungen: 111111, 1111111.

11111112. 1111οά11111. 1111111111111111111111111. 1111111
nrm 11 811111,1111 811111 1111 111 111111111111.

(1111111111 1111111111, 0111111111111, Allium·

11111. 1111. 0111111111111110111.

111111111111111111111, 111111111111 11111111111111111, 111111111ιί1,
11111111 1111111111 11111111111111111111 11111111, sume, dem 01111111
oder 111 11111111 111111131, 111 11111111111 1151111111, 1111; 8111111111
111111111τί3, 1111 111111 1111111111, 111 11111 1111111111111111. 11111
11111111111 0111111 mit 1111 mehr 111111111111111111111111 61111111
· und 1111 1111111111111111 11111111 11111111111111111111 11 11111 11·
1111 11111111. Fr. 1111111111111111113 3111111111 111111111311,11111
11111 11111111111111 1111111111, oder 11 111 1111111111111131 und 1111·
11111111 1111111, deren 811111111111 durch 111111311111111 11111111-
111111311111111111111. Die 811111 111111111, 11111 111111111111 tu·
weilen 111 111111, 1111811111111 1111111113 111 111 13111111 111 von
111111 1111111111 11111111 11111111111, dem Nubel ‚gegenfiben

1111111 3111111 11111111, 1111111111151., 11111111311111111111·
belig-knolliger W., 1111111111 oder 1111111, 11111311, nm (111111 11111·
<ligea 1., und wurzel- 1111111111111111 und mig-tnubentfirmlgen 11.

(1111113111 0111111111, 11111111.

11110111. 1111111111 1111111111.

11111111111111111111, 11111111, mehr 111111111113111111, 11111·
11111113. 8111. 6, 111111 3, nn 1111111111 111 ,1111111111 111111111ς Tri·
ger 11111, ptriemenffirmig, 1111111111111111, 11 1111111111111111111,
1111111111, 11111111111111111118111111111. 111111111101111111, 1111
111111 (1111111111 1111 1111116111111 1111111111 1111111. 1111111111·
11111111111111, 1111111111 111111111τί1 und vielumig, 1111 1111111111
. und dreinu'mig (111 11111111111111111111111 cinnamig); 11ι 1111111 Faue
1111111 Samen 11 einer 0111111111 1111111111, im 11111111 1111111111.
Der Embryo 111 111111, 1111 111111111111, 11 111111 1111111111 mamea ’
11 11111111 111 Ν11111.

11111111111 oder 111111113111111111, welche 111111 111111 11111111
111111 111111. 111111111111111 11111111, 1111111111, 11 111· Ι811111
11111 1111 1111311 ittig. 11. 1111111, 1111111111, 11111111 11111111,.111
(11111111111113. m. 11111, mit Deckb„ 11111111111111·11111111111·
11111111, 1111311111, 1111111, ’1113111111 1111 1111111 hilma·

Gamngone 111111, 111111.

1111011. cyperaceaesw. ⁹

111. 1111111111 11111111111111, 1111111 11 111111111111111111111
1111 81111111, welche 1111111111111131111 111111111- Hagen. 1111111111
11111111 11111 1111 11111 111111, Romen 1111 &huppem 11111 11111
811111111111111111111, 1131111111111, 111111111111111111 8111111111,
1111 1111111111111111 1111 nach dem 11111111, werdun 1111111111 11111
lang. 1111111111 01111111 1111111111 11111111 111 2-3111111111111111-

 

