1111 1111111111 111 mum 1111111 Flora

11111011. 1111111 1111.

111111111111111 111 01111111, 11111 111111, 111113111111111111
11111111111111 111111111111111811111ς 111 1111111111 1111111111 1111111-
1111 1111111. 11111 8111. 11 111 111111 111 111111111111111111111111111
8111111111 misacha& 1111 111111 ling· 11111111111. Du 01111111
1111111111, in 111111 raone 1111 1111111111 11 0111111111111111111111111Ις
11111111111 nichea. 1111 (1111111 11111111 111111111111111311 1111111111-
tmen lappigen 11111111. Fr. 1111 111111111131, 111111111111 1111111, 111
11111111 in 1111111111 111 811111111111 1111111. nie 811111 11111 1111
Ι11111111111111111, 11111111, 11111 1111 11111 1111111111111111, 1111
11111311, 1111111111111111111111111 1111111311811111. 111111111111
Axe 11111 melu· 1111111111· 111111 1111111311 1111111111. 111111111111.
11111 dem Ν1111111111111.

11111111 mit 1111113111111 11111111111111111111, 1111 1111 infigent
11111111. 11. 111111111111111, 11 111 111111 1111111, 1111111111. 111. 11
Τ111111, ’1111111111 1111 1111111, 111111 1111111, 111 11111 mimit-
111111 8111111 11111111.

01111111111111111111, 1111.

11110. 11111111111111111111.

11111111 11111111 111 omium, 111111111113, 111 11111111111111111
1111111111111 1111111, 1111111111 111 81111111 1111 111111 11111111
(111111),1111111111111111111111111111 111. 81111 8111. 11111111 111
111111 mehr 1111 1111111 11111111111 111 11111111 1111111111 11111111-
111111111111, 1111111111 111111111111118111111111. 01111111 1111-
1111111, iu iedem 11111111111111111111111. Eia 1111111111 (1111111 mit
dreilappiger Ν1111. 1111111111111111131,11111111111111111. Die Klop-
111 11111111 111 111111 111811111111111. 1111111111 111111111111111
Albunea. wurzelchen 1111 1111 Nubel.

Knutnrtige 1111111111. W. 1111111111 1111111. Β. 111111111111111·
nervig, 111 Grande 1111111. Bl. 111111 1111111, 1111 in Trugdomen, 111
1111111111111 1111111111 schemo umgeben.

Genuum: 1111111111, 1111111111, 1111111111.

1111131. 11111111111111.

1111111 111111111111, 111111111111, 111111111111111111111111, 1111
mehr 1111 »miger 11114-6-81111113. 8111. 11 viel 1111111111111
111111111111111111, 11111111111ς 81111111111111ἳ11111, 1111111111
lang· nufnpringend. 1111 111111,111111 111111111111 01111111, 1111111111
1111111111111111 111111. Eia 1111111, 111111111111111. 811111 1111111
111 011111111111, 11111 1111 miger 1111111111. Fr. 1111111111,
11111111111111111, 1111111111, 11111111111111111 1111111111,111111111.
11111111 11111111 1111 1111 1111111111, ehenheim Rubryo 1111111111·
1111.

8111111111 1111 11111111. 1111111111 1111111 1111111111111111111.
1111111111111, gegenfibor 1111 1111111111, 1111111111 (1111111111
81111111. 111. 1111111111111, 111 111111 111111111111, 111111- 1111 111111·
naming, 11 Τ111111, 1111111 1. 1. 1.,1111111 1111111.

(1111111111111111811,1111111111, Pario, 11111111τί1, 1111111111..

1111011. 111111111110111.

111111111111111111113, 1111111111111, 11111111111111111111111111111, ’
regelmauig. 811111111111111118111., 11111111111111111111, 111 ,11-
111111111 111 11111111 1111111111 8111111111 1111111111, nach 11111
11111111111111111. 01111111 1111, dreissobrim 811111 111111 1111111111,
1111111113 111 111111 11111111 1111111111. nin Griffel 1111 1111111111 1111
1111111ρί111 Nube. Fr. 1111111111111111, 1111111111111111111 Klappen
in 111111111 111811111111111 1111111. 81111 11111111111. 11111111 ge·

 

